00981A
1303
1503
1513
1514
1519
1815
2025
2049
2059
2301
2303
2308
2313
2317
2327
2330
2337
2342
2344
2345
2356
2359
2360
2367
2368
2375
2376
2382
2383
2395
2408
2409
2421
2449
2454
2455
2458
2467
2492
2630
2634
3008
3017
3023
3035
3036
3037
3044
3081
3095
3105
3163
3189
3211
3231
3260
3264
3324
3363
3406
3443
3481
3491
3533
3653
3661
3664
3665
3680
3702
3711
4746
4908
4931
4958
4966
4976
4979
5269
5274
5309
5347
5371
5452
6116
6125
6173
6182
6187
6213
6223
6239
6257
6274
6278
6285
6442
6456
6488
6515
6531
6668
6669
6690
6770
6805
7717
7769
8033
8046
8210
8299
8358
8996

